82 0011100 (1011101.

0010100 100010 111011 00110100 1100010, 010 (100011100101101100-
, 001000, 0001 010 1111100 bis 111οΒ0000 01000110 (1000111010000 ;
010000 0101000011011 01011, 0000010 0001100001, 001101 001
11011100 111100 1101, 10001 0101111001 000 00110011110101100010
00, 0000 001 Βο000 nur einen ganz 00110000 111000 0110111. 110
101 11111110 11101, dass 010 (1000111001011011, 010 0001100001 auf
0011101101 011001010111101101101, 000110 00111010 100 1000
11100 01011 000 1101001 0011101100 11010, Warum 001100 1111 00-
101000, 0000 001 1000 111100 0100 Βο11001100 00100000 110100,
010 0111 4 111100 110 0000100100 111101 11101 0001 mehr: sieht
000 01011 010 011100000001 1000100 0100001000000 Κο000011-
110001 0010000000 001011001οο 111100 1100001 0011001011 1101000,
dass 010 001111, 0000110100 0000 0010110111 warde, kaurn 010011
00111000 01000 01101111 11101 0001 010 11011, 11011 11101· 11001-
01011011011, 10001 010 (1000111001011011 jedes 00110100 11010010,
1100101010 1101011010 101101000; 0000 001100οε0 wir 1011 001
spitze 01000 0011 10100 11110100 0100 Κ11001 01 und 11101 0001
10100, 001110 01000110 11001001 110110 010 111110 (11111000, 010
11000 wir 01000110111010 nur 100 4 0001 0 111100 Ηο10100-
001100000, 010 Βο1010, 0000 010 0111 00111010001110 011101110
(10001110010110111010 11111100 10 001 11011 01010100 0111110 1110
0001 das Ηο101101100 100110001010010011 10000100000 Ηο10
0101100011000111111111011011 0110110011, weil die Luft 1100011101 101.
11011110 0011010000, 000 0100 000 20 111001011010000100

01101101100110000(24 0111001000 (10001011) 0100001000000 110001
1010100011, 100 1101001 Ηο10 110000 11010101 (110000 011011101οη
1011 (1011111001 01101011 werden 1100000. 1101110 010110 101, 0000

eine 0000Βο0011010101100001010011111011οη 1011011010000 010
1100 01101011, 000 01110 0101011010100 Βο100000 01011111.

sayra Die 1101011010 0100101000 011 0111010110 1011011000;
001 1100010 0100 0101100000, (1000 010001100 011001101000011110-
00100000 1101101011000010 0110101100 1101000 000 0000 0100 100
1101100 1011000000011000000110001, 0001 0100100 001 01010100
1011100101, 01000 0101110100 111000 0111011011 1111100, 010 110000
0100 0100001000000.

Salv. Froilich 11001 0101010101000100 0101100000, 00001011
01100 10001 0101010000001011 00100101000, 10 1011100000001011
0000011000101011011100 0111100101 00 00011ψο00
010100 0100001 Ηο10 101011011οηᾶο “ 1011 010000 000001

1110000 00 0 00, 1110 000000 (1001110 01οΡ00001

0111000110101000111 0 01 6011100 000 001· 1101010οο 001-

 

