40 (1611166 (1611161.

166 111666 661111661611661661661616166116161661,11666161
6166 6616111611 66116611, 61666161661611 166 166 6616166 61-

11161661111.1166611116116166111161666,661161666161116161166 ’

Ρ6166666 6111116616161666 116 auf 16161 31161166; 1161161661
6161661161116116166616 666161166,16661166 616 6616611666, 61
116Β6661161166ς ihrer 1616166, 16 1661661166 'Pompo 1116 66161,
affulge, 1161666 man 11111 61661116666611116666, 6116611611 6161
1116166166 1611616611 1666 16666 16661611161161111116, 66
16116616 16 3 1161166 1611616663, 6166 auf 1 1161166 Weg hin 1161
161, 116 Verzbgerung 11661161 gut 1666111161 6616. 1161 1161116
1666 166 11616661 16 666161166616111611616663 6661111166, 16
8 6161 10 1161166, 6ο 11116616 666161661666 16661666, 11111661
1666 116 1166116661116166 16 66116111, wo 1666 1166116 1161161
6666166166 pflegt, 116 6161 16 66 6166661 116116166631661
1166666 Auge 61611 mehr 616111616166161666, 6161-1611Η11116
1661 6613661611161 ’1616611666 hequem 66· 661 6613616611 1161166
11166665)

Saqr. 111666116616166161616111616661, 6161, sagi uns, 1166
1616161 161 161 1661111666 desselben orgeben‘?

Sal . 1611616 166 11616661 66116 66116661· 1611616666
6666616111, 16 11661661 616 einer 116116, 1161666 666116161611666
fiber 116 16616616661111 1661161166 66 116166 1161; 6161116611
66 61611 6166166166 ist, so ist 66 1661 661161661116166166-
. 1666166, 661 161 111116 66 16161616166 611116611111166,166 wir
8 bis 10 1161166 11611 61166166166 1161166 66166; 1161 11116666
wir den 1616666616166161166, ja geradezu 1161166116, 611 6166111
bestimmten 0116 61166166 166 Wolken3 661 1666 61161 66-
1611161116 1161661 116 166616616 1661161663 61611161 16166 616-
661661661161166, 66 6116661666 16616166666111161661161366ς;
1666 11666 116111666116631161611 66616161661616111613116166
6161111616, 66 11166166 wir 6611611161 166 1116111661 611161-
66161166, 166 Centrum 661661 Β61666 6611611661116161. 1161
16 116161 616 11661 6161 wir aus 116661166611611 1161611661 1111-
661661666616, 1166611161661, 11611611161616, 11666616616116-
gungen, 616 6661 111110 Dingen 616 661161661661661

1691. 11611161 6616611611 1666161166661611161611 Boin
Suchen 161 116661116111611 66161 1661111166 6611661166611616
166 Begrifl 161 11161611 6616361661 16616116111616 6166631
das 61616 Τ161116161 166 11666661 661166 6611666161 111 166 111-
111116 61666161616666161 uberhaupt 11661616 6161666616 61-
661166116166 166616666666 161111, 11166 66661 16111161666
61661 1166611161 1663661616166 1611, 16611666 161 161611 166111

 

