70 . , (18111881811181.

8118181111, 181118118818881 1111, 1888 811 8813811888181
88118181 1181181881818 811 118811818818118181.

Simpl. Dass 181 8818811888188811888111811 8188111118
1181181811 11811811 118 18111818 1811111111 81118118181 Luft
18118111111181, 8811811 881118118181, 11118881 1118181 118-
gionen 181 Luft beigemisehten 1181181 1111818, 1118188 18181
188 (1881811188 1811818188 818181.

· Salv. Eure 11111818 8818111 mir 11811, 8181 1181181111 818, 1
wie 181 18118, Aristoteles 11811 8118188118181,181,1881181 ¹

181 1118181181 8811811, 111 181 181 11811818 18111111, 1181-
811818 81818111; 18118 81 gesagt: 18118118 8118118118181, fullo
111 mit 1181181 11118181 111 188188118 8118 11181118 188
(1811181188, 88 111118 181 ihm sagon, (118 11181118 wilre noch

8118881, 11811 81181118118181 1111Κ1818818111118; 1811118818 ,

8181888181811111111181, dass 881818 1181811818 11811 mehr 18-
881881, 8181888 111818 1111181181111818 881181 8111, 8181
in Β811811181 Luft 18811118 181 8118 11181181 nach wie vor.
Αν11181818111818181 181 8181 gut und 18111811 18188111. An-

1818 dagegen steht 88 mit 18118118 81188 8118181Ρ1118888181, ³

188881 1181181811811181181, 811 181 111111 1818181818, 1181111
881 8181 88111181 818 181811, 11811818 8818818 Κ11181 18181181
188111181818 1818118 18818181 11831.

Saqr. Vortrefflieh, 181 1811811181. Demgem'ass 11818 118
Luft 88118181818 11188881, 18 8118 K6rper von 111181811811881
11181 818 1881 8181 18118381 werden, und die 181811811111881
881181181 1118111 als im 1188881181181, 1811 881118881111881
8181881 auf im 11188881, 81111811 818 111811111181181. 1181,
Η811 Simplicio, mag (188 (1811811 181 Β1888 von eingesohlos-

88181 181181 Luft oder von 1181181 11118181 1811131 8811, 188 ’

811811 118118 81 118818188118, donn 111111818181181, wie 118
Κ11ρ81 8181 111188181 18881381 Luft sich bewegen. 111888
18118 181 zu 1188181 818181 Frage 1111811, 1811118118 111
8111118181 Befestigung 1181181 11181111188 1181111888 1118881,
1888 (118 Luft 881881 88111811 18818118 181 fur ausgemaoht),
8811811 81811118 8811181818 881. 111118, Η81188181811, 118111118 ¹
11811181 mit, was 111 habt. ²

Salv. Dass 11811118818818 1881118 111 11811, 8181111188
8881811111181, Leiehl-igkeit, welch' 18111818, 11811118118, in
1181181Μ818118181118111181 111118, 188 1818181118 181 11818181
11111811 811381188818118118181 188 1118181818, (1811 8118 88
11 18118111811811881111111818111311811, 88 81118, wenn 1181 118-
8811818118111111 118 11111811181181, 1181818111111811 11-

 

