64 . 611166 66116.

16111161166161, 6161 6116 61161611116116Κ1611, 1161611161-
111111116161611 161116161 6611. Ι ,
8691. 1611616 11611616 116116136116Β611661111361 1161-
1161 11 61161 1116111111 1166166 11616111616 gesunden:
1111661111 116111 1111611116161161, 166 161 11611161166161161
1611; 161116116111161611 111061161611111661611611166661-
116116161 1611161161 161, wie 1611111 66, 1666 1161111161 grosse
Wassertropfen 6161 61161161 111161, - 1161616116 61111611-
11111611, - 6116 zu zergehen und ohne sich 6161111611611
Salv. Obwohl 611 16161, 1616611611616111111 116 11611136
1111, 6116111116111116116163161 1116616, 66 11616161 6616166
11 1611161611611161161661 11611, 6161 116116 111111131611 6611
1111611 11611611161111611111161. 111161611616116161, 11611
11116661, 1116 116 11666611166161 6161611 dem Β16116 6161 61-
. 161161, 611611 161 61616116166, 1666111616111131611166 11611
161161111111; 6611166 116 11166616 6166611611 6661611 1161161.
11666 616 1161111161 11636, kann 16111161, 611666161 vom 1611-
661116611611, mit einen] 16161 6611 66116161161 16161661.
11611 116 Τ16116 166 6161116661161 116666111661616, 1111611
16166116 161 1111 umgeben ist, 61161 1116161 (11111 zum Zu-
6611161161161 111161, 66111116 6616166 1661 61616161 6161111161,
11611 61611 61161 Umgebung 6161 16161161, 11 11616161 616
11611161 1611611 11116111616111611161, 616 11 1611111 66161
611 Medium 1116 161611166111611, 116 66116161161616 1111,
1. Β. 11611; 11131611 man 6161161 11666611161161 mit 11611, 66
6166116161161161 166 6161111161 11116, 6116 1666 df(

. “ 1166661116116161, 116 16111161611111316111616116166116611161,
“x 6161 611116161; 6161166 1666111611 116116161, 616 116 1161161116
. 1116611161116111611 1111, 16161 1661166661 66161161616161161-

; ’ 161, 6116 61161111116116111161116611136111161161 16111611-

161116166 66; jener 1111611 1611111 6166161 616661111111116
11611616111611611111161111161. 1111111111611611611111616166 Δ
grosse Unvertragliohkeit 11166161 1111 111 1166661, 116 161 in
1611611611616161 1661661161 habe: 11611 161 6116 1116611561,
116 6116 enge Ooffnung 161, 6116 116 611 8116116111, 1111166661 ,
61111116, 1111611161 116Κ1ς61, 66 6166111111, 11116116, 66116661
1661166661, 611611666611661161161, 11611 161616, 111 116

, 1111, 116 166166 161611161, 61611111611611661, 116116111161161

16116 11111116, 11611161 dagegen jen-es umgekehrt gehaltene
1161666 11 1161111611 66116, 161 16111 1611361161611 1616161166661,
66 66161 111 16166116166161111 161161 8116116111 166 1166661
116161111 1661166661661116161 16116611 11 161 11611, 6116

 

