74 , Gelileo 11611161.

1616666613166 6161616 1661661, 3166 666 um 66 6161, 616 116 1

{om Sande 6661616616 1616166 1611666666 irn Vaeuum 6666666
attgemel. 11616116 66 so 6666116666, 3161166666 11616666616
ἓὶκέῒᾝη 61666166 11616; 316616161116 1616111116 661616166-

Salv. Die bisher von mir 6666616661166166666 661166- 1
166661666 1161166 11616666666 1661116666, 116, 6666 6661 =
6661 66 66666116166, 1661 161666 116166661161 16 166 (16661616- 2

digkeit heim Falle zeigen, 66 1366 61616616 6116 mit 61616166
(1666161611616611 6161 1666666, 661666 666 116666 (1661611666166-
66116116 Frage kommt; 11666 16166, 6366 161, 1616611166666
666 661 661 166 666166 16111616666116666166616161161.· 66 1666,
6666 man 61661611 66666 6611611666611613666 316 116 86666
66661616661666661616616, 661666666166, 616 66 666661661666
31611616616661666 66166; 1666616611 161 116 113616 666

66166 1616 meinen Lippen 661661116166 136666, 66 mussieh 1661 ,

6661 116 16661666166 Experimento 666116166.

8666. 116111166611666, 3661661666. 1166611166 6161 66 ἱ

1666 666 166 666613666 161666, 1366116 161 6166616611661-
1161666 616111166666166116166 666161, 1666 166 6611611616
116666111616 66166 Augen 6161161611 166, 6366161666 mit ihrer
16161666666 Wahrenn 6611661666] 661661661113166, 661 636
11666 666661166666116111, 6116616661161666666 Titeln 16666666
616 116 Reformatoren 166 Wissensehaft und 666166 116 Κ66166
66 66613666, 116 616 66116161611 6611666 verstehen, 616 66166-
miniren ι16666 (1616616 , 166 666 1611636666 1116611666 666161161
ist: 16 616666 66161666 16616666 6611 661166616161, 66661666
66611666 16666616 661Β666166 1616Β61616116666; 6666116

6166666161666111666 1666161666661611, 616166 616 616 6666 ’

auhn-en.

Salv. Der 11666661 mit 6661 661166161161611616166666116-
16666 11166666, 11663616116616661, um zu 1661661166, 61 616
6161616 (1666161611616611 66166666, 116161616166 161616616161166
136, weil bei 6666666 Η116 166 Medium, welches 61616 66111661 661
666 Seite 666616166 werden 66666, 661666666 11161666 131661
61666 661616161166 Κ16666, 616 661166161116661666616 61666 6616
66166666 11166666, 1666 1666616 1616116 6161 6661611161166,
661 161 66616666 Η116 116616 man 66611616, 61 6166 1111166666
666166166 661, 16 616 kaurn 1661661161 666166 kann. Deshalb
habe 16111661661, 61 man nieht mehrmals 166 Η6631161166
166616661666 Η1166 616166161661616616, 66 6666, 1666 6166

 

