Unterredungen und 6611666116616 166666166116666 616. 37

666 1616666 661 1666166111 6166 666616 11616 616 Ρ661616616
61666 666611161 6666666 1661666. 1161616616166661161 1661611
666 66166166 61666 661116166 und 61666 66661116166 1166166,
1666161616666161661 166661 6616 1116666, 1666 66 66166 1116666-
1611161611 16161 61611661, 6161166 61661611 6666166, 1666 66
1661666 6666111611 6666666116616 6616611666; und 666666666166
1116166 auch 16166 666611161 666666 116661, 6661 166661 61666 6616-
66666661116166 Κϋ6666, 6661 6166 666611161 666666111616. 11166
661166 616 666 66666 66 6616166 1616666616666 1616 116166-
gango 666 166 1161116166 166 [1666116161 1161666666 661166
6166661666666 6161616616 616 1616 1161666166 166116661-
116166 161 166161166 616 661116661161 161 166 11161611 1661661
111666 616 666 1616 1661616161661666166166 1166666 16 61616
’116116 166661166 6616 1616616 6666616666 11616 66166 66661161
16161666 11666 (infinit-i suoi 61661), 11661611661611611166 6161,
warum 66166 wir nieht sagon 1616666, 116666 1116666 66116616
61661666 06661166666661616616161,616116161116 6166111661616611,
616 11166666 6166 166616111661 1161 66166 616 61611, (1666 116166
666661661666 1611166, 661 166166 (1166 16661 6166166616666 1116-
61666 616 11166666 61611

8666. 161166 wir donn 66661666, 166 11166166 661 616
6616166, weil 66 16 66166 6666111616 1161666 661161116666 06666-
666166 6616611161 6611 ¹

Salv. 161 161616166616666666 166666, 66 616166 11666161-
666666 zu 66116666, 616 z. B. 16166616. 11616616161666166166
1116666, 61666 81616 6166 616 1161611, 661 61161666 Η66666 6166
61666 1666666116166616116 66611616 161 116 16166611661616616
Ρ61666, 6616166116, 1666 116 1616166166 Τ16116,. 166161661666
616616 6166616 66166 66166 6661 111166 16116666, 1661 6661
6611161, 666161161 661 6611166 6161; 16166 1666166, (1666 616,
66661661, 616166666661116 66666666161166; 6611111166 wir 166
Η1616166 116 zu 61666 66616666 Grada 666, 66116111 6166 Hoh-
lung 6661, 6166 (1666 116 6666166166 ’116116 11666116 6661111166
6611111616 wir, 66 6611166616161 166 (16666 661661, 111666116616-
66161666666 finden wir 161 16616166166616666 6611666666
1116666166, 16166 11661611, 661161 161 1666116661666, 616 z. Β,
16161666 166166 Hine, Weizen‚ 1161661 6166 16166 anderen
816116. 111666 wir 6166 6616166 1616 11166666 66666161166 666-
’ 166166, 66 616166 666 6161166116666, da 16666116, 6616166, 66-
sort wieder 6161 6166161666 66 666 61666 (161166 6166 61666

,· 6616666 66666666 1116666 61666661166666 661 66161166 6161;
’ 6666611111 6611166616161 661661 116 Η111666, 661 11166666 1611

 

