76 Galileo 11011101.

50 (1100, 1011100100 also fast 100 6100, 000 1010011001000
01000 etwas 1110100100 Βο000, 000 nach einer 0100000 Anzahl
von 0000100000001001101 00 0010100011οο 1011111110. 1000 010001
000010000000 1101010110 01001 00010000 01011 01010 0101011 0101-
001100οΖ011 zu 010000, 00110111 010 000 00 (1100 1110110, 010 010
von 50, 20, 10, 41110οε so dass 010 (1000001001011011 0110001100
00010001, 0010 01010000 Ζο1100 100001 1110111010 Βο000 000011110-
000 werden. 111000 0001101100, ja ganz 000001000 11010000 0011-
1000 wir 00110 1101110 110111, 0000 01 00 010001 000000100000
00000 001001101101, 0010000 010000 01001 1110100100 11010111
von Schwingungen 000 110001001000 01101001, 0001110000 001-
001001001101101111001001Μο001 hat, 000 11100101οη0 001 11011
zu 000101000οε 0100 0110 001010000000 0000110000 1001010000
001100 000 00011 00101000100100071011, wie 010 000 Β10100. Da-
1101101 00 11011110, 0000, 00111000 010 Β101111001 01000 000011 100
50 (1100 0000010101. 000 0101001011-10 010 Κο111110001 01110 001
10 (1100, 00111011( 01011 1000001001 000001 010 000 ΒΙο1; 0001·
000000 kann 001· 110111 50 (110010100110000, 00οΒ1010000000
10 00016, 00 1011011010 0011 000 8101, 0101 001 11011110 00-
00001000101 Βο000000; 0001 11000 010 000000100 1101010110
01010000 Ζο1100 0101000 Βο000 00000101000, 00011 wind 00011 010
(100000100101011001001000 (110 010101ιο 0010. 1

Simpl. Mir 0100110101 010 000110 0010 11011110 0010101000, 1011
10010 01100 0010101111, (1000 10110010 001 0100, 0010 001 000010
010 0010000011010, 0000 wieder 010001 10000000101011010011,
000 00011000101010101, 1110001001 (100000100101101100 01000001
0101011 0010 100000.

01101. 81110, Ηο11 80101011, 1000101100 11101 110110 0111000000.
00010111, Ηο11 Simplicio, kann 01011 010 0101101 0000110100, 0000
010 (100000100101101100 1011110111 0000101 010001000 00100. 0000
010 10 010 000 00100010001100000110110010110001000101100000,
01010 01010110 111000011οο 00001100 000 0101000 1100010 10 01010000
Ζο1100 001001100001

Simpl. 11010010οε1010000001111011010, 0001110110 1000 0001
0100100100000. ’

0091. Nun 00000101000 010 Ρο0001 60 (1100 0001 50 000130,
0001 1000010, 4, 2 Grad, und 0000 00100 60 (1100 1010011-
10000, 0001000000 010 0010 0101000 Ζο1100; 00000100 0000010111
001 00000 von 50010οε wieder 00000100 001 3010 0. 0. 0.;
danaus 0011110001 man 001 010 (1101000011 001 (10000010010101100
001001 Κο100100160 (110οι 00000100 0111101 010 00000 von
50 (1100 0. 0. f. Aber 01001 11110 0000110101, 010 (10000010010-

 

