Unterredungen und 1111611116616 161616111116161 ete. 79

11116116 111 11616161 (1661111 (116 6116 1161161 116161 6611611 6161
1616161 1111161),1611 man dem einen das (11611611 111 116
0161111616 11 11616161 11116616111116116 (16161 116 11661111
1111161 1111161 1161161 6611), 116 (1666111111316111661611161161-
161 11611161116111111611 11116.

simpl. Allerdings 6616111 mir das zu 161161, 11 wir 11-
161161, 1161 116 11166616 111 116 11611616 (161161116116161-
661161616 (1666111111316111611111.

Salv. Letzteres behaupte 1611161, 111 1111616111666161
116 (1616661611 161161, dass, 16116161116 (161161111 1111161611
111166111611116 116 0161111616, 11116116 1111161 116166116
Verzbgerung 16111116661 11116, 11 1611111616116111111166116
(1611611111 Vergleioh zur 0161111616 11111116.

simpl. Das gebo 161611611616116 zu.

Salv. Nun 1161· 11661 111 1661, Η611 Simplicio, dass man
161 611611 Κ11661 166661 0161111616 11611 11 1611661161 1161-
11111116161116116111111, 116116 (1611611, 6611116 116 (16-
6111161 11111611161161 661161. Denn das (16116111111111616166
11 116 1161111666, und 1611 116 Masso 11611 116 116 0161111616
1611113611 1111, 1111 1161 116 (1611611 mehr 116 116 0161111616
16111611611161161. 11616616111616111, dass 611 6111666166
1611111161 11166161 161 Μ16661111116161Κ11661, 11611166161
161610111116161 1661611. Zu 111616111111111131611161161
111611 Beispiel. 1611111161 61161 1111161161 1161161111116,
6116111616 11116 1166 4, 1111116 16616 11116161, d. h. 11611116
01611161624111111111611. 161661161161 111161 1111161 11

’ 1611 1111161 mit 611611 1611 Seite und 611611 111111111611 111616,

66 111 161 ganzo 116116 11111161 16611, 1111611 16111166616
24 (1111111611 0161111616 161166, 16111161 161 116 0161111616
1111161111611111611, 161111111 dagegen 1111; die Μ1666
611 1111111 116 (1611611161111161 1166 mehr, als 116 0161-
111616. 1111 1161161 111 1166111116 161 1161161 1111161 11
1611 Γ116116, 66 111 611 16161 116661 1116111111 (1111111161
111616, 1116 ,1, 161 0161111616 166 616161; 116 Masso dagegen
161 1164. 111 66111166, 116 1611166611611161111161 116 Masso
11611111 6111161 6611111161, 116 116 1116111616, 661161 111 1161
116 Γ11611111 1611, 116 111 6111611166 Ρ1116111161, 66 1111 116
Masso um 100 und 1161 1001111 mehr 1611111611 161161 6611,
116 116 0161111616, Was 1161 1111111161 611111111116, gilt
111 1116 11116161 111661161161, 16161116661 11616 11 111611-
1111116161Ρ61611 11 1610161116161 61616191. Nun 6116111 ¹
Ι111161,1116161’ 6111161611 1111666 1611116161111 166 16111111

 

