[1010000100οη 0000010000110000 000000110110100 010. 69

000 11010010 11 1010001000001 Medion finden, 100011 wir 11001
010 1010001000101111001010100 000 Μο010110 010 00000100001111
1100101, 0010010 110011 wir 001 00001000000 000 (1011100100
0001 000 000 Μο010110 0011000100 Zinn 1011. Β. 1000 1101
00000101 01000110101001100 wir 010 10110000001101011011 11
1000100110, so 000001 00 0100 1111011111 090, 0000001111
1100001 101 111 000. 001 0111 Κο100101000 000001010101100-
001, 1.Β. Steineinhenholz, und 01000 010 0100011101 1000
1110000101, 010 01100100001001100001110000 950, 11011 00000012,
00 010101100 001· 000010101(1000001101011011101 1000 010000
1011011090 1000, 111 1100001101 50, 00 0001100001 050 0111-
11001, 010 00150 0010000 010001 1101001 1111100 0100 00001

20 1101 0001011011011011 101101010 111 1100001; 0010 001 110001·
000000 0011100 0100100100 0001 000 00011000010101001 001 20010
10011000 1110010001011100. 1100 101 10000100 daran erinnem,
0000 01110 1101100010 10 1100001 1000001111 001 1111011011 wind,
wenn 000 0000100000 (1001001 0100001 101 010 000 00011000010,
000 000 0110 1101001 01010 0010011 1101 0000010101011011; 00

0100 010 (10000010010110110110 Lnft und 111100οθ1 nn 111001,
11011101 wir ohne 110111110οθ1 100101 01100001, 0000 01011011
001 1101000 11100101010 00101010, 000 010 (1000001001011011 0101011
001 000010101 001; 00 1001101001 000 Μο010001001 0011101001
00001 1100001 111001 11011, 00 1101001 wir 00001, 010 000001111-
0101101101 10 11011 010 1100001 101001100 0100 0011010 wie 000
00001010 (10010111 101 110001000000 0001 000 (101110011100001.
0111110000110100 01000 20 111101, 00100100 11001100111100001
17, 010 (100000100101101100 000 111010011001111011 1001100001
1011101101 01000100 100010 1110 20 10 3.

Saqr. 10110 0011111011 010000 111101001000011101 1011 10 01001
00100000 101010000110011000 0110000001, 11001 welche 100 011,
10100110100011011, 100000000010000 01 01000 11001111100010
1010011001 fehlt 001· 0000 0110 Μο1οο00, 000 (10111001 001· 11011
11101010100 zu 1100001 10 0001101101, 000 damn 0001010010
anderen Κο10011. .

simpl. 11010 0001 0100 10000, 0000 010 111111 01001 00011010,
00100110010011011011 0000000, was 1111100 0010110101001101010
00010 1111010000000, 010 0111, 0000000οη 0101000, 0001 011110100
0100001011 ’

Salv. Alsdann 11110010 00100001, 0000 0101110000οἰ01 101110,
1010111010 01101 00110001. 0001001111111011011010 01 0010000010
00111011, 001001 00001 010101010001000000 Aristotelen, 001-
0011000 0110 1110100010 0000010 00001, 0000 010 nun? 1100, wie

 

