Unterredungen und 0010000000οο 000000110110000 010. 35·

00110000 'will 000 11000 01 0010 0101 'zu 011010οο0 0001, 100001 01
000001000 0030100001001, 01010001, 00140, 600001 100 Tbeile
011001, d. 0. 11000 0101110 010110 2000110 010 100111, 000010 4,
0. 0.1., 00011000 01 so 00100 00000110011010οΡ001110 10 01-
0011000001, 00 110100 00100100 0100 01001100 11100, 0000 00100
0010000 Ρ100000 0100010 0100 010 10 0100013101110011000001
1010 [1010011001θο kann dieser Weg nie 100100, 001000 00010100

100 0001001000 00110100 11001000 1000 01000011000101100111000
0100001 001000110101010011, 10 001 Meinnng 0100 001 110000-
110011011 10 000010, 00110101 1000 0100 0001100 denselben: 000
11101 000 1013000001 (110000. Wir fenden verbin, dass in 01001

00000110000000100 0000001101 00001010 0001110000 gabe, 010 . ,

00 000100 01001, 11011 010 000100 jener gleieh 0010001 0010101-
1010 0010 0111000, 00010011010 0110000100 0010010100. Dan-anf
00000 1111, 0000, je grbssene 000100 wir nahmen, 001 00 weniger
00001010 00101 ’0011001000 1011101000, 000 0000 weniger Ouben:

000101 0011101, 0000, znje grbeeeren 000100 wir 1011000101100, ,

wir 000 001 so 10001100 001 0000011001011 0111101000; nereus
10101,- 0000, nebu-ingenti 0100 00111000 01111001 001110000110011011
00000 001110, 00 010 0100011 001. [1001111011οο findet 010010 001-
selben die Bedbngungen 000 010 nbthigen Reqnisite der Unend-
11001011, 001010 010 10 01011 0000001101 00001010 0010011, wie 00
(10000 000 1110 00 000100 uberhaupt 01001.
Simpl. 100 00010110 ,01001 10001, 1110 00010 101010000 001.
· 0010. Die 00000 101001 0100110011010011, deun 010 0100011
101 010 01100101, 010 101 010 Ceben, 010101010010000101, 00000
1011; 000 00000 00001010 000 buben 110100110101301100001100,
01001001001010001110000100; 1. Β. 010 11101010000101100100,
01010 010010110οτ0 Ρ1000111000101111001100 0100 10 haben? Nebmt
irgend 0100 0110010110οΙ 000 00000001 0000 010 11100011, Ih1·
1101001 01010 0100 011110100100011100010 finden. 011100000 0 1100
1 10100010 3,1111000004000 1 010 2, 10100000 9 1100 4 10100
010 6. 00000 00000 1111001100 0100-11101 011111οι0 Ρ100011100010,
1. Β. 00000 8 000 2710100000 0100 12 000 1011001000 1 000
81010 2 000010 1110000, 1 000 27 dagegen 3 0009. 110001 101
010 ’0100011 010 0101100 11000011000 0001 11000100 1000010010
1110000100001 1100010 01001100000111011 01000000000, 010000
0001 00100100 0011100, 1110 0001· 0100 1111, 11000 mandem 110000-
beben 010001000 011110010100011000010 0010 0100110000, 11001000
00100 1010011010000101001101010000011101000. Ale Beleg will ieh
10000 01000 merkwflr'di'gen 1011010000, 001 mir eben 01010111,
001 ’010 0000011000 001000100000011, ja' engen 0000110010110000

3.

 

